Frequency (Hz)	Level (dB)
43.066406	-43.888271
86.132812	-42.686142
129.199219	-39.949783
172.265625	-36.196548
215.332031	-25.576042
258.398438	-27.901388
301.464844	-36.163494
344.531250	-39.939762
387.597656	-42.613403
430.664062	-42.395210
473.730469	-31.737206
516.796875	-43.072243
559.863281	-43.708366
602.929688	-46.990852
645.996094	-47.704559
689.062500	-45.417309
732.128906	-47.672012
775.195312	-46.450943
818.261719	-44.300579
861.328125	-41.097481
904.394531	-33.216106
947.460938	-26.366310
990.527344	-38.589611
1033.593750	-43.586670
1076.660156	-45.928223
1119.726562	-46.584888
1162.792969	-47.455242
1205.859375	-49.371693
1248.925781	-50.476768
1291.992188	-50.069923
1335.058594	-48.140575
1378.125000	-39.804390
1421.191406	-37.762909
1464.257812	-45.960629
1507.324219	-47.523384
1550.390625	-48.754745
1593.457031	-48.511879
1636.523438	-48.089256
1679.589844	-47.140377
1722.656250	-45.489002
1765.722656	-42.690903
1808.789062	-38.255104
1851.855469	-27.461641
1894.921875	-30.306002
1937.988281	-38.154453
1981.054688	-42.076530
2024.121094	-43.239555
2067.187500	-46.892132
2110.253906	-45.037544
2153.320312	-49.746151
2196.386719	-50.513935
2239.453125	-50.224533
2282.519531	-47.708481
2325.585938	-36.650539
2368.652344	-42.483585
2411.718750	-48.705078
2454.785156	-51.566566
2497.851562	-53.333900
2540.917969	-52.350090
2583.984375	-45.937313
2627.050781	-52.733738
2670.117188	-49.633701
2713.183594	-44.749382
2756.250000	-46.002472
2799.316406	-42.010883
2842.382812	-49.274620
2885.449219	-53.620064
2928.515625	-54.659660
2971.582031	-54.805714
3014.648438	-52.209621
3057.714844	-43.444592
3100.781250	-45.739849
3143.847656	-49.700390
3186.914062	-52.405067
3229.980469	-51.713993
3273.046875	-38.715462
3316.113281	-46.167702
3359.179688	-52.151615
3402.246094	-54.578411
3445.312500	-53.755611
3488.378906	-52.209286
3531.445312	-51.501015
3574.511719	-51.890034
3617.578125	-52.797501
3660.644531	-51.818760
3703.710938	-51.323547
3746.777344	-37.801579
3789.843750	-45.599476
3832.910156	-51.710499
3875.976562	-50.622467
3919.042969	-53.029045
3962.109375	-52.393661
4005.175781	-52.267929
4048.242188	-49.311859
4091.308594	-48.971272
4134.375000	-45.840809
4177.441406	-40.429440
4220.507812	-26.282759
4263.574219	-35.622108
4306.640625	-42.271267
4349.707031	-47.055832
4392.773438	-48.649147
4435.839844	-48.003620
4478.906250	-48.779118
4521.972656	-50.644764
4565.039062	-53.791897
4608.105469	-51.928753
4651.171875	-50.284458
4694.238281	-43.952324
4737.304688	-46.885494
4780.371094	-52.077023
4823.437500	-56.186752
4866.503906	-58.029961
4909.570312	-55.814434
4952.636719	-54.442245
4995.703125	-54.204670
5038.769531	-57.679981
5081.835938	-56.942345
5124.902344	-54.879005
5167.968750	-45.660042
5211.035156	-46.491417
5254.101562	-54.295677
5297.167969	-56.634468
5340.234375	-57.124420
5383.300781	-56.943546
5426.367188	-56.579517
5469.433594	-55.286350
5512.500000	-55.160351
5555.566406	-52.598122
5598.632812	-49.201855
5641.699219	-41.421242
5684.765625	-34.870525
5727.832031	-46.912441
5770.898438	-52.505169
5813.964844	-55.152195
5857.031250	-57.881107
5900.097656	-59.916142
5943.164062	-58.169968
5986.230469	-57.373257
6029.296875	-57.996445
6072.363281	-59.674339
6115.429688	-55.252014
6158.496094	-37.092896
6201.562500	-53.354855
6244.628906	-59.166351
6287.695312	-57.881573
6330.761719	-56.769547
6373.828125	-51.930176
6416.894531	-48.864277
6459.960938	-52.697819
6503.027344	-53.847549
6546.093750	-56.280510
6589.160156	-52.409035
6632.226562	-37.417858
6675.292969	-46.056843
6718.359375	-52.813232
6761.425781	-55.696163
6804.492188	-51.176056
6847.558594	-48.079556
6890.625000	-47.362915
6933.691406	-47.461224
6976.757812	-51.647964
7019.824219	-52.717613
7062.890625	-53.340248
7105.957031	-56.278442
7149.023438	-52.177658
7192.089844	-60.784008
7235.156250	-64.233345
7278.222656	-64.385895
7321.289062	-62.764336
7364.355469	-64.497643
7407.421875	-62.905930
7450.488281	-62.749409
7493.554688	-64.261192
7536.621094	-63.906677
7579.687500	-61.191757
7622.753906	-49.310341
7665.820312	-57.691147
7708.886719	-61.353809
7751.953125	-62.070530
7795.019531	-65.114204
7838.085938	-64.146538
7881.152344	-63.567677
7924.218750	-63.582970
7967.285156	-61.934566
8010.351562	-62.849167
8053.417969	-61.006084
8096.484375	-58.003807
8139.550781	-50.139961
8182.617188	-60.271164
8225.683594	-62.245834
8268.750000	-61.431213
8311.816406	-61.656132
8354.882812	-60.418423
8397.949219	-59.421848
8441.015625	-58.271301
8484.082031	-54.959858
8527.148438	-52.849716
8570.214844	-48.117531
8613.281250	-38.589409
8656.347656	-39.366028
8699.414062	-48.539112
8742.480469	-53.033199
8785.546875	-55.766567
8828.613281	-57.114651
8871.679688	-57.870487
8914.746094	-58.531822
8957.812500	-58.835758
9000.878906	-60.217339
9043.945312	-60.210804
9087.011719	-57.407272
9130.078125	-47.959637
9173.144531	-57.438282
9216.210938	-59.533192
9259.277344	-59.675404
9302.343750	-60.755024
9345.410156	-58.110374
9388.476562	-55.340149
9431.542969	-55.498623
9474.609375	-53.359840
9517.675781	-53.127518
9560.742188	-51.648991
9603.808594	-44.882599
9646.875000	-27.050177
9689.941406	-40.784481
9733.007812	-47.940601
9776.074219	-52.172832
9819.140625	-52.241615
9862.207031	-56.148155
9905.273438	-60.498539
9948.339844	-58.658966
9991.406250	-61.321102
10034.472656	-60.513721
10077.539062	-57.369568
10120.605469	-58.185875
10163.671875	-46.343891
10206.738281	-55.862507
10249.804688	-62.837997
10292.871094	-66.871376
10335.937500	-67.614639
10379.003906	-66.741653
10422.070312	-67.342850
10465.136719	-67.014244
10508.203125	-65.887505
10551.269531	-66.759575
10594.335938	-66.047539
10637.402344	-59.429020
10680.468750	-44.627560
10723.535156	-54.230438
10766.601562	-58.348927
10809.667969	-62.668877
10852.734375	-62.541203
10895.800781	-63.475185
10938.867188	-63.417488
10981.933594	-62.990704
11025.000000	-60.316799
11068.066406	-59.313900
11111.132812	-56.627583
11154.199219	-50.307758
11197.265625	-39.270908
11240.332031	-44.225052
11283.398438	-52.130981
11326.464844	-55.907631
11369.531250	-58.497147
11412.597656	-59.432652
11455.664062	-59.462856
11498.730469	-62.173058
11541.796875	-62.245327
11584.863281	-59.699085
11627.929688	-60.778633
11670.996094	-57.077003
11714.062500	-49.900524
11757.128906	-46.907322
11800.195312	-57.411983
11843.261719	-60.435478
11886.328125	-62.967995
11929.394531	-64.311890
11972.460938	-62.671753
12015.527344	-63.686214
12058.593750	-64.484940
12101.660156	-63.242374
12144.726562	-64.704857
12187.792969	-65.858910
12230.859375	-63.468822
12273.925781	-52.493698
12316.992188	-61.820667
12360.058594	-64.073036
12403.125000	-65.649506
12446.191406	-65.414391
12489.257812	-64.454414
12532.324219	-62.692501
12575.390625	-62.530098
12618.457031	-60.418575
12661.523438	-58.354237
12704.589844	-56.789478
12747.656250	-51.699726
12790.722656	-43.000202
12833.789062	-41.016403
12876.855469	-51.926216
12919.921875	-56.770260
12962.988281	-59.710735
13006.054688	-59.879105
13049.121094	-61.619678
13092.187500	-62.758823
13135.253906	-64.562035
13178.320312	-63.375713
13221.386719	-63.693451
13264.453125	-63.591915
13307.519531	-58.931927
13350.585938	-50.538048
13393.652344	-51.648785
13436.718750	-60.711281
13479.785156	-63.517933
13522.851562	-66.361244
13565.917969	-67.695763
13608.984375	-67.831833
13652.050781	-67.857513
13695.117188	-66.234314
13738.183594	-59.238590
13781.250000	-62.840149
13824.316406	-64.094391
13867.382812	-64.424484
13910.449219	-59.096069
13953.515625	-50.870548
13996.582031	-52.004070
14039.648438	-57.751129
14082.714844	-66.056732
14125.781250	-67.199478
14168.847656	-66.943405
14211.914062	-69.001190
14254.980469	-67.788376
14298.046875	-69.206772
14341.113281	-70.927254
14384.179688	-70.196899
14427.246094	-64.528160
14470.312500	-54.248501
14513.378906	-65.520027
14556.445312	-69.957123
14599.511719	-70.057854
14642.578125	-69.959747
14685.644531	-70.923401
14728.710938	-72.136826
14771.777344	-71.658203
14814.843750	-71.775986
14857.910156	-70.841995
14900.976562	-70.491982
14944.042969	-68.218239
14987.109375	-65.319252
15030.175781	-58.592045
15073.242188	-62.458927
15116.308594	-70.191177
15159.375000	-72.788788
15202.441406	-73.061043
15245.507812	-73.350502
15288.574219	-73.498665
15331.640625	-72.678535
15374.707031	-73.268059
15417.773438	-70.731155
15460.839844	-69.175621
15503.906250	-62.825699
15546.972656	-62.452511
15590.039062	-52.202213
15633.105469	-51.312958
15676.171875	-59.636757
15719.238281	-65.131477
15762.304688	-67.491585
15805.371094	-67.304756
15848.437500	-68.734673
15891.503906	-69.363525
15934.570312	-70.210419
15977.636719	-70.262749
16020.703125	-58.324596
16063.769531	-67.731804
16106.835938	-70.138191
16149.902344	-69.433395
16192.968750	-59.497280
16236.035156	-68.626671
16279.101562	-71.084267
16322.167969	-72.531067
16365.234375	-73.135155
16408.300781	-72.520164
16451.367188	-72.541763
16494.433594	-72.230904
16537.500000	-67.729279
16580.566406	-68.740013
16623.632812	-71.123085
16666.699219	-70.709793
16709.765625	-65.534889
16752.832031	-54.916759
16795.898438	-57.038155
16838.964844	-64.770615
16882.031250	-67.390228
16925.097656	-68.844757
16968.164062	-70.172195
17011.230469	-71.029045
17054.296875	-70.698463
17097.363281	-69.193481
17140.429688	-71.535446
17183.496094	-71.380165
17226.562500	-71.563736
17269.628906	-71.186882
17312.695312	-69.141823
17355.761719	-60.443859
17398.828125	-67.313446
17441.894531	-71.508011
17484.960938	-71.700768
17528.027344	-71.282234
17571.093750	-68.991119
17614.160156	-60.181213
17657.226562	-63.817734
17700.292969	-69.736893
17743.359375	-71.288544
17786.425781	-72.632851
17829.492188	-72.411812
17872.558594	-72.436958
17915.625000	-71.499840
17958.691406	-60.711258
18001.757812	-68.849777
18044.824219	-72.099060
18087.890625	-71.999321
18130.957031	-71.909065
18174.023438	-64.639977
18217.089844	-69.883080
18260.156250	-73.089867
18303.222656	-74.269585
18346.289062	-74.098595
18389.355469	-73.814240
18432.421875	-73.768692
18475.488281	-73.841843
18518.554688	-72.574890
18561.621094	-69.333893
18604.687500	-72.781761
18647.753906	-72.440865
18690.820312	-72.651810
18733.886719	-69.292107
18776.953125	-59.060471
18820.019531	-66.641045
18863.085938	-70.683197
18906.152344	-73.172424
18949.218750	-72.875687
18992.285156	-73.833084
19035.351562	-74.091568
19078.417969	-73.487389
19121.484375	-73.627899
19164.550781	-73.906136
19207.617188	-74.050262
19250.683594	-73.911552
19293.750000	-64.917686
19336.816406	-73.357460
19379.882812	-74.277596
19422.949219	-74.326149
19466.015625	-73.902184
19509.082031	-74.227104
19552.148438	-74.336487
19595.214844	-74.447182
19638.281250	-74.382416
19681.347656	-74.029259
19724.414062	-74.086479
19767.480469	-73.324722
19810.546875	-72.737801
19853.613281	-63.423714
19896.679688	-71.639587
19939.746094	-74.290733
19982.812500	-74.294884
20025.878906	-74.338440
20068.945312	-74.536453
20112.011719	-74.543083
20155.078125	-74.195564
20198.144531	-74.052223
20241.210938	-73.847557
20284.277344	-73.388092
20327.343750	-72.320267
20370.410156	-68.679802
20413.476562	-55.483292
20456.542969	-63.276432
20499.609375	-69.225327
20542.675781	-72.460182
20585.742188	-73.352219
20628.808594	-73.519333
20671.875000	-73.832893
20714.941406	-71.756966
20758.007812	-73.567245
20801.074219	-73.886711
20844.140625	-73.974312
20887.207031	-73.821068
20930.273438	-73.345520
20973.339844	-71.798294
21016.406250	-69.786461
21059.472656	-73.416298
21102.539062	-73.824471
21145.605469	-74.110832
21188.671875	-74.214737
21231.738281	-73.309746
21274.804688	-71.974380
21317.871094	-66.711044
21360.937500	-72.653793
21404.003906	-74.386368
21447.070312	-74.233833
21490.136719	-72.218887
21533.203125	-70.678345
21576.269531	-61.351177
21619.335938	-70.253761
21662.402344	-73.805740
21705.468750	-74.202438
21748.535156	-73.281242
21791.601562	-73.341499
21834.667969	-73.445869
21877.734375	-70.173912
21920.800781	-61.741802
21963.867188	-70.284843
22006.933594	-73.679878
